122
0
0
0
0
0
0
0
0
0
0
0
0
0
0
0
0
0
0
0
0
0
0
0
0
0
0
0
0
0
0
0
0
0
0
0
0
0
0
0
0
0
0
0
0
0
0
0
0
0
0
0
0
0
0
0
0
0
0
0
0
0
0
0
0
0
0
0
0
0
0
0
0
0
0
0
0
0
0
0
0
0
0
13
14
15
16
16
17
17
18
19
19
19
19
19
19
19
19
19
19
19
18
17
16
15
15
14
13
13
13
13
13
13
14
14
14
15
15
15
15
15
15
0
0
0
0
0
0
0
0
0
0
0
0
0
0
0
0
0
0
0
0
0
0
0
0
0
0
0
0
0
0
0
0
0
0
0
0
0
0
0
0
0
0
0
0
0
0
0
0
0
0
0
0
0
0
0
0
0
0
0
0
0
0
0
0
0
0
0
0
0
0
0
0
0
0
0
0
0
0
0
0
0
0
16
16
15
15
15
15
14
14
15
15
16
17
18
19
20
21
22
23
24
25
26
27
26
26
26
26
26
24
23
21
19
18
17
16
15
15
15
15
14
14
